1000 
44.168 45.903 77.949
41.212 31.019 56.45
77.172 26.55 91.224
54.493 25.85 44.145
32.049 99.429 41.77
75.009 38.075 70.908
81.177 40.537 90.974
54.058 31.282 24.632
20.172 58.319 47.476
48.676 89.975 69.058
86.523 46.865 26.975
35.098 96.772 61.146
23.603 41.152 92.099
12.223 18.004 39.751
26.635 39.556 33.681
4.19 12.586 61.785
25.455 83.7 76.065
85.125 4.088 71.984
24.956 47.039 23.185
35.765 31.401 79.8
16.249 31.451 28.275
87.676 31.587 38.576
74.063 49.015 25.714
12.066 13.201 15.248
43.102 92.704 12.009
40.384 18.855 34.049
71.606 33.528 90.431
69.432 65.32 59.933
4.749 30.013 82.206
6.878 30.29 86.374
96.062 76.216 35.64
55.03 52.09 81.992
6.314 31.482 54.456
27.287 48.999 3.486
37.989 42.678 68.737
0.904 47.452 43.939
50.834 65.251 14.32
36.616 94.703 96.141
52.351 96.179 84.723
52.808 22.095 82.001
41.268 60.413 16.514
20.874 97.329 89.802
90.658 61.262 40.183
90.252 93.45 21.661
84.213 91.783 91.96
50.278 79.871 5.429
33.353 88.62 50.18
4.519 7.685 12.93
89.578 31.895 57.425
28.469 21.87 40.751
30.573 59.713 53.336
1.467 68.941 62.752
80.421 16.491 47.76
2.755 75.959 5.825
88.719 72.669 4.056
9.779 79.85 74.968
44.507 53.578 41.283
8.926 86.749 33.824
97.902 46.441 46.154
9.368 72.131 80.811
88.63 63.393 38.46
6.685 24.193 25.986
41.257 34.544 38.091
18.746 35.798 7.81
41.462 10.714 40.005
91.879 97.351 7.858
45.695 29.671 8.055
43.428 60.105 80.776
71.066 45.759 75.724
68.293 55.67 62.901
79.342 0.35 29.667
26.484 15.354 1.393
75.461 55.615 39.659
96.16 34.961 89.576
79.554 76.279 5.363
37.02 54.316 88.811
84.449 21.644 52.296
60.812 99.161 86.33
41.712 72.57 27.997
97.336 66.993 66.274
22.122 32.663 75.224
29.005 58.329 26.968
5.497 19.465 92.078
66.271 57.993 13.607
71.234 63.593 55.234
96.559 44.384 13.71
84.902 3.747 79.92
32.903 42.768 10.853
83.863 30.519 40.265
56.359 51.427 38.478
93.561 71.11 13.979
0.85 93.117 22.037
42.889 54.584 86.304
5.585 12.207 27.136
24.196 35.61 16.478
94.588 75.02 69.911
18.587 63.658 41.586
5.607 37.556 45.082
24.858 60.399 85.441
49.976 87.518 36.631
26.446 70.34 49.53
75.727 4.523 36.987
49.975 17.861 39.592
20.676 23.498 19.602
24.464 3.743 5.359
50.52 51.529 59.153
67.322 90.865 14.141
95.334 95.023 66.623
84.042 63.247 73.999
59.527 59.176 11.062
50.929 97.044 22.827
16.305 68.512 76.362
5.619 83.22 15.027
97.118 38.012 95.84
88.646 42.216 58.83
87.467 92.596 92.911
0.256 32.568 24.151
2.392 44.281 33.769
83.244 82.739 35.175
26.339 54.503 22.512
41.57 41.068 76.853
74.812 63.127 83.119
13.377 90.854 71.951
39.453 67.091 64.922
63.381 32.447 81.448
4.293 72.327 7.379
87.95 80.49 56.847
62.065 31.071 97.197
56.92 29.138 79.68
96.054 41.402 77.644
23.082 61.015 75.333
84.801 57.273 5.551
39.813 28.593 39.236
19.243 64.112 96.56
0.45 60.679 79.911
70.607 57.747 36.372
83.242 69.969 83.799
96.11 94.051 13.527
50.254 95.01 41.762
17.462 80.555 40.947
62.532 49.982 2.693
13.506 77.962 63.033
66.12 85.102 74.243
38.368 67.782 32.123
95.003 49.621 71.152
95.416 50.169 39.964
16.685 96.294 57.27
19.123 79.161 79.489
17.247 36.704 24.104
70.224 34.243 63.363
56.129 90.865 58.292
97.493 30.122 37.151
21.666 51.649 14.311
5.554 94.533 85.492
62.969 93.969 14.593
5.017 55.404 23.51
98.171 36.735 20.592
40.055 14.244 15.944
44.246 95.842 0.647
22.226 46.642 75.134
48.341 2.635 3.932
64.126 80.349 29.492
9.265 99.506 78.147
38.431 19.889 75.579
1.34 17.674 21.258
61.972 94.054 90.752
20.711 9.609 11.519
33.462 41.77 30.338
81.154 3.224 10.587
74.075 95.478 84.843
32.479 55.253 96.799
81.156 84.39 10.912
43.118 87.749 16.101
72.563 50.911 3.752
29.065 86.033 34.929
14.076 36.043 40.204
70.419 23.139 67.663
56.77 78.276 82.152
16.352 53.61 32.978
78.067 28.344 3.67
49.57 50.862 49.372
8.663 42.916 5.842
40.721 80.711 71.287
75.893 83.46 31.8
74.362 12.963 57.353
42.329 41.363 56.323
24.114 46.693 53.265
53.404 32.75 64.575
37.023 46.697 97.144
39.968 75.831 67.623
83.204 22.63 64.39
82.526 10.769 81.697
18.587 31.792 6.562
82.763 3.821 65.657
67.418 67.29 70.739
93.377 66.61 48.97
85.795 77.66 81.04
89.738 39.234 69.031
69.309 0.337 41.174
67.486 96.952 88.637
56.557 62.952 10.842
24.266 31.144 32.541
21.573 74.729 93.254
77.27 79.608 78.705
37.348 23.398 99.961
85.613 69.654 98.057
85.506 40.028 77.166
18.456 56.124 83.007
29.153 74.386 26.707
25.842 73.152 26.429
38.773 14.354 54.325
67.646 46.218 76.45
16.745 55.734 99.791
2.369 72.468 88.731
56.811 4.281 32.145
77.257 29.112 51.621
70.225 69.521 20.032
74.062 48.037 93.318
61.927 95.236 99.124
54.325 54.591 77.055
37.005 25.427 79.677
18.626 88.906 49.841
28.434 15.877 82.861
61.661 18.142 26.395
72.645 88.448 8.602
41.831 46.919 82.058
57.265 99.608 21.732
77.314 62.503 84.565
62.877 29.97 50.045
62.849 91.852 94.116
34.865 19.707 76.034
52.978 26.775 48.878
16.153 43.973 25.907
32.682 78.077 50.292
79.31 17.162 82.042
78.233 49.031 45.932
77.239 52.935 5.69
29.081 31.012 12.907
38.303 74.281 3.612
57.619 95.692 99.799
92.232 98.535 69.678
45.488 31.941 6.771
3.146 86.624 7.832
36.698 79.921 38.622
95.962 87.73 2.829
73.297 8.231 44.165
75.186 38.403 8.476
79.483 62.679 14.943
62.052 36.489 35.394
9.503 55.826 80.937
78.748 61.766 52.827
4.614 62.986 6.909
15.308 68.525 63.177
47.124 70.237 16.782
11.643 53.413 89.332
28.344 85.679 13.043
27.388 95.401 9.953
18.375 56.207 99.899
87.394 89.159 24.442
16.419 40.732 44.582
57.596 88.249 90.439
59.737 90.307 56.679
58.635 18.945 14.173
45.736 84.938 25.785
59.561 40.575 39.737
39.961 25.658 59.013
1.914 30.55 33.759
71.24 30.301 55.33
17.696 48.253 57.659
71.901 99.555 9.259
26.945 82.688 26.563
99.336 83.47 77.393
37.897 54.254 37.998
75.689 59.359 89.745
56.633 80.393 47.801
97.393 96.552 4.561
42.193 65.08 46.627
33.546 57.648 78.567
19.618 41.698 52.071
53.61 86.209 86.165
70.389 40.286 66.293
71.418 1.472 15.552
27.343 84.236 38.137
85.215 91.246 46.771
30.103 26.834 45.859
31.302 39.456 39.353
76.324 47.985 43.962
39.115 31.457 46.81
99.18 59.336 80.909
15.408 54.289 82.59
82.616 99.126 39.724
97.339 85.457 43.892
67.083 24.649 91.316
33.677 21.654 46.045
21.919 2.473 56.05
29.518 45.527 6.4
73.897 60.417 42.159
52.33 9.165 81.26
21.781 85.476 81.416
85.754 22.458 71.379
45.412 44.829 57.04
87.448 66.663 13.498
93.733 27.866 20.347
51.385 58.49 76.093
41.769 5.411 9.501
38.004 12.539 80.41
10.458 58.463 65.595
9.071 16.967 90.585
50.991 77.218 47.831
95.038 61.836 41.254
63.288 98.54 45.179
0.07 90.044 88.786
82.778 18.819 96.785
66.712 52.352 83.005
78.562 40.411 8.579
46.453 65.184 89.036
11.64 47.743 79.025
55.8 38.848 10.998
36.911 42.441 60.225
82.154 20.884 45.036
24.633 67.658 16.191
44.148 88.172 59.514
37.469 26.103 13.102
61.61 31.285 42.505
18.324 84.588 9.083
24.635 41.389 58.125
84.654 15.31 70.568
62.464 52.666 75.85
13.735 52.574 91.976
16.082 20.756 34.295
94.665 3.895 83.603
79.319 39.09 37.508
51.025 33.993 0.133
3.162 19.796 21.283
19.124 44.017 14.249
4.593 28.143 94.774
13.868 57.441 56.449
92.19 8.38 12.144
61.456 48.027 42.336
38.828 6.797 84.017
45.642 37.105 70.598
85.071 14.427 22.84
85.035 7.493 57.043
98.14 74.222 81.77
14.62 34.59 18.776
37.474 35.632 58.348
38.312 29.565 8.468
22.793 96.031 20.458
92.312 26.131 45.395
34.253 9.604 51.126
46.236 42.397 37.739
2.189 10.128 38.45
52.838 48.777 22.518
65.279 4.128 25.879
54.462 41.929 64.984
2.018 22.684 72.411
24.742 91.607 11.373
27.939 1.185 52.417
90.893 51.962 42.033
80.503 71.082 41.033
12.986 59.447 36.618
22.327 26.399 89.149
47.812 83.331 42.382
5.648 80.756 13.641
87.508 60.252 7.976
26.464 19.17 88.632
49.995 3.425 15.257
15.295 34.263 50.721
60.037 81.82 43.201
66.391 40.795 48.952
55.059 80.017 25.341
81.913 81.987 73.462
9.05 93.402 50.764
27.741 38.843 75.081
94.639 31.257 32.112
30.586 39.333 98.952
85.004 50.803 21.755
33.549 43.773 86.756
57.565 14.084 44.155
78.474 48.623 99.836
61.84 69.761 99.369
57.399 75.979 9.072
39.514 75.346 76.089
98.93 34.78 34.264
16.22 49.572 56.848
20.989 75.215 38.014
91.769 30.445 21.289
82.333 16.254 22.471
85.969 0.042 60.94
86.628 2.476 47.429
13.467 84.458 80.61
88.41 88.184 28.61
11.67 83.682 61.151
9.202 18.725 34.72
11.322 9.884 29.074
95.053 64.968 31.778
62.678 82.507 26.801
30.571 7.752 2.321
50.255 73.993 8.945
91.114 95.575 64.569
26.551 30.944 21.301
9.654 66.027 45.206
27.17 64.143 37.432
24.559 12.266 86.518
38.463 85.439 34.616
48.354 79.076 12.519
70.852 19.04 67.523
43.629 20.927 61.251
39.579 47.576 53.583
33.021 47.422 6.751
64.287 81.897 34.571
54.2 46.57 80.451
43.713 64.545 20.297
85.34 27.716 21.485
84.777 1.118 39.284
92.81 53.061 32.614
95.879 59.824 10.372
3.572 26.319 22.429
31.34 28.219 69.175
41.491 35.703 98.406
14.722 87.567 6.372
57.165 43.16 66.382
15.983 2.786 40.593
20.602 45.738 98.151
43.277 99.794 69.102
7.909 36.148 68.671
26.761 10.876 38.748
86.095 15.909 64.752
38.685 98.407 28.738
90.74 10.896 86.234
24.424 10.947 52.801
53.484 62.612 60.457
10.542 90.1 86.058
53.106 40.575 7.364
1.115 52.613 46.052
90.664 68.082 39.426
3.767 48.964 60.441
69.78 72.199 16.967
86.906 87.252 77.658
30.025 29.708 36.885
20.682 37.751 90.675
65.084 28.345 4.423
79.187 8.813 81.857
40.995 83.419 97.978
49.571 92.082 80.014
60.649 51.993 20.007
82.497 20.742 78.421
97.668 68.499 51.833
5.042 86.114 47.57
58.832 78.38 40.591
50.685 89.49 34.177
13.417 71.516 31.492
13.417 61.378 18.128
36.802 87.081 30.768
67.294 65.488 25.814
61.477 18.229 35.701
41.96 22.902 30.634
98.079 53.292 99.851
84.468 46.779 63.511
22.445 26.998 91.724
59.76 49.187 15.869
89.249 84.799 25.477
5.858 72.281 86.452
18.736 99.2 68.212
79.478 30.141 96.263
82.265 96.193 79.455
88.713 33.737 7.929
75.272 87.773 92.975
36.27 89.85 52.649
89.619 72.811 8.11
4.832 37.06 84.909
56.477 4.111 0.827
94.206 76.876 70.661
34.691 22.962 75.645
11.768 8.422 17.277
60.002 94.197 26.972
80.184 99.097 33.628
88.922 13.271 57.18
48.782 20.083 56.285
86.68 12.04 88.485
10.627 83.082 35.896
81.519 39.873 94.985
73.166 15.739 45.933
93.108 55.18 85.531
25.214 97.155 89.083
10.13 86.207 99.254
5.275 3.76 79.495
55.969 66.531 91.582
79.83 37.449 3.915
69.662 29.846 30.098
22.561 52.106 34.469
73.952 40.699 66.088
73.799 10.442 67.842
9.542 49.249 37.673
21.185 44.787 38.457
73.78 18.73 47.704
72.205 85.516 95.714
33.262 17.442 5.629
33.342 92.932 87.493
9.817 12.436 35.881
93.186 90.525 94.853
54.19 26.874 47.27
95.274 87.542 42.783
52.05 87.338 72.577
9.025 47.912 31.338
45.163 60.501 75.256
53.109 39.314 78.34
90.884 69.392 16.609
42.102 93.031 12.634
61.549 34.136 87.612
88.025 1.395 70.662
31.728 10.778 44.239
87.301 13.546 80.675
3.88 96.371 34.408
99.247 9.684 94.585
50.07 12.151 73.741
37.701 72.497 46.016
92.666 76.352 10.457
74.179 92.683 8.157
25.238 75.437 15.924
20.294 15.568 18.501
17.153 6.381 80.0
87.245 21.317 76.758
42.845 93.443 92.686
96.806 36.79 12.375
38.158 3.993 52.996
15.304 71.464 41.312
70.02 5.322 60.545
20.557 7.287 85.61
63.726 13.552 65.825
65.894 88.583 45.89
85.56 99.454 93.544
0.228 38.654 7.81
44.922 49.453 72.437
69.58 17.919 55.107
99.869 91.599 10.842
27.723 87.775 41.391
92.063 36.049 62.644
70.358 86.034 81.199
72.615 14.444 22.449
70.597 76.185 73.295
59.223 70.085 29.829
80.066 12.832 8.095
52.144 67.472 49.664
60.538 88.045 49.663
94.58 54.915 68.243
73.408 12.981 98.268
86.188 90.642 2.126
84.346 62.623 45.457
88.041 20.162 75.23
92.419 96.304 73.161
96.892 15.578 50.594
57.435 28.153 92.858
4.997 4.385 17.479
83.763 35.274 50.799
18.467 7.011 41.075
8.883 93.149 28.23
92.836 50.844 33.267
58.076 92.669 52.113
95.152 68.38 77.123
58.824 94.961 59.65
70.58 25.654 90.987
66.874 44.311 13.16
55.819 39.24 60.646
63.416 64.208 66.717
18.124 19.282 57.968
69.19 79.854 61.065
15.601 4.101 35.474
91.141 3.074 39.818
86.308 54.675 26.335
89.085 45.851 83.495
9.233 56.583 19.963
39.598 46.403 85.428
13.83 31.272 24.201
53.238 74.465 8.94
0.977 85.005 91.066
57.599 7.536 54.694
34.031 65.337 14.066
79.503 93.331 24.326
24.703 29.669 3.018
72.156 82.554 21.656
46.951 54.385 67.332
81.234 75.865 60.952
16.026 71.743 30.473
53.382 31.267 99.794
22.609 85.587 74.659
24.995 71.472 71.381
96.317 41.024 10.881
96.226 34.234 97.964
25.439 35.349 36.01
58.982 31.941 83.144
63.057 5.199 37.919
43.933 28.885 1.361
94.176 65.249 75.586
51.941 7.857 51.79
58.554 28.002 82.565
19.773 41.145 86.104
40.375 8.008 52.822
83.132 30.952 92.967
85.704 84.92 95.309
24.129 30.88 84.986
17.872 71.164 52.461
69.624 17.638 64.096
31.484 22.009 19.705
91.391 95.436 63.494
61.885 11.834 0.15
28.272 83.581 62.297
12.319 3.423 10.063
69.384 61.651 5.853
67.726 31.881 97.181
19.524 47.889 38.295
17.423 6.829 43.353
52.913 80.543 92.034
52.243 65.1 12.958
44.677 56.158 38.54
53.9 28.345 23.477
53.235 73.494 86.045
19.85 83.705 31.765
39.192 68.316 86.576
66.266 24.875 45.995
40.211 62.603 6.325
69.064 59.619 68.224
47.617 30.196 51.523
3.573 83.179 50.927
82.811 75.24 82.104
13.161 43.197 39.945
2.073 13.287 7.092
54.863 12.634 12.314
27.084 97.555 13.212
24.177 52.967 68.272
96.678 37.269 77.934
26.134 97.494 11.702
44.023 95.026 27.725
28.077 72.435 69.65
64.076 35.451 18.574
4.296 76.599 56.646
77.934 33.209 63.031
89.809 15.166 61.339
29.866 77.878 64.203
34.855 72.769 40.065
33.853 26.89 88.994
54.827 61.354 66.103
21.074 62.986 81.045
77.283 88.898 32.772
97.244 55.561 91.553
82.759 68.791 93.402
6.796 62.404 95.02
16.723 1.897 50.012
16.166 86.201 72.772
84.035 87.52 62.309
36.78 65.547 86.775
90.5 65.915 94.78
71.519 78.119 5.912
12.01 24.524 53.724
45.969 39.207 9.32
55.873 30.098 43.811
40.464 40.394 2.065
83.989 4.884 57.818
27.459 84.392 57.777
80.832 88.804 30.663
20.413 72.076 87.417
79.533 1.754 35.41
53.506 81.783 14.547
50.734 58.803 52.945
4.942 68.231 41.927
29.681 48.137 81.736
89.094 29.926 41.566
45.556 61.455 72.971
83.88 44.641 30.272
20.961 80.495 79.742
55.807 95.157 20.444
62.681 49.251 50.135
10.086 15.189 67.684
33.98 4.655 71.905
98.319 7.669 73.742
7.982 49.168 30.39
47.147 64.274 58.03
61.734 91.246 93.36
24.822 79.208 35.99
4.823 1.01 2.822
24.285 48.346 35.664
30.26 12.384 94.186
17.882 41.658 42.777
88.933 6.387 87.776
22.375 64.313 92.118
21.537 61.295 44.782
86.102 28.215 82.346
20.205 70.34 78.672
23.854 14.947 34.963
71.179 1.657 10.485
56.544 45.89 11.3
47.652 60.201 16.276
70.607 90.402 5.666
32.681 84.863 89.061
70.745 26.065 72.514
58.02 81.452 5.974
23.907 6.339 11.29
11.788 85.218 90.758
27.182 60.778 73.121
15.953 15.894 37.953
41.421 75.18 84.865
51.748 43.23 93.278
40.93 22.028 33.836
1.625 77.648 57.767
88.79 18.482 1.122
78.494 73.203 16.332
89.995 46.732 98.867
97.987 11.353 58.372
38.316 3.407 40.754
68.069 62.031 53.725
93.434 55.517 98.428
96.334 97.224 39.893
40.933 63.322 88.523
46.12 35.303 44.637
27.753 37.178 90.836
86.122 93.065 42.015
66.776 83.079 14.526
10.921 70.302 55.803
27.227 9.976 52.571
44.135 95.554 52.891
88.572 92.255 42.59
42.375 94.504 11.431
25.525 51.54 35.549
63.897 66.708 84.958
22.991 98.184 43.081
36.953 94.116 65.453
68.845 57.65 20.372
43.14 50.236 57.243
67.038 91.0 16.959
31.064 38.511 30.95
93.354 79.359 99.399
40.288 97.765 74.169
6.889 25.363 64.143
64.632 84.548 87.305
30.656 66.61 49.593
85.271 80.907 88.357
15.925 88.169 62.739
69.061 49.933 85.124
71.259 14.705 9.748
71.423 15.327 59.122
61.551 95.382 24.779
83.035 89.667 54.283
11.543 67.208 94.879
42.16 71.563 74.663
39.647 83.961 45.199
5.407 52.444 43.223
30.827 94.269 11.522
43.131 48.528 38.565
44.936 75.295 75.235
91.647 41.48 20.916
78.468 14.354 4.333
22.762 92.477 64.868
5.04 74.563 29.273
11.069 37.484 62.956
88.338 96.737 13.383
65.302 69.566 2.472
18.862 20.854 94.952
81.434 27.334 14.747
48.564 46.587 17.389
36.42 74.435 76.854
68.062 33.093 82.428
9.354 69.615 32.373
17.557 49.205 61.36
43.782 5.895 52.698
41.952 66.266 12.233
64.001 63.303 6.807
47.301 54.942 51.004
86.916 12.277 20.187
4.006 82.177 82.937
35.684 52.151 23.327
52.651 78.2 12.662
53.614 77.439 30.683
94.349 58.7 97.201
87.86 10.436 48.523
76.385 75.996 76.121
3.801 37.604 18.809
88.901 51.391 11.39
56.375 6.919 53.544
43.688 48.293 19.739
41.983 30.47 41.314
75.518 29.413 57.125
32.172 64.943 73.861
64.596 83.448 75.216
68.111 81.521 95.973
39.47 66.439 27.622
0.593 64.749 75.489
2.663 43.826 63.1
41.369 38.146 64.464
8.431 55.641 28.504
20.492 65.57 76.196
6.77 61.477 24.966
53.39 55.568 9.563
7.872 15.733 45.847
1.498 43.415 96.591
45.815 50.461 4.079
41.985 40.847 72.542
41.855 4.39 62.569
96.488 55.29 66.851
37.529 3.071 25.118
35.273 79.395 41.955
83.901 68.524 11.479
66.873 34.713 25.731
9.383 53.092 81.262
60.463 27.22 22.085
39.674 2.573 43.304
62.573 20.13 10.535
45.24 43.826 38.138
88.663 50.045 21.525
66.196 69.036 24.831
67.68 14.531 91.57
51.922 46.37 53.115
3.62 10.481 45.48
54.384 99.538 88.879
2.608 19.966 33.941
3.642 68.042 77.37
99.672 23.503 15.079
54.733 54.645 2.356
29.38 44.13 25.693
77.313 97.238 33.301
7.029 84.752 80.823
23.438 93.291 98.679
19.313 0.363 13.397
52.628 22.139 99.861
17.914 84.849 80.857
94.185 23.462 57.84
35.688 93.341 71.344
77.8 4.383 88.439
90.605 30.567 16.058
30.698 56.05 78.826
79.344 18.724 90.136
9.456 37.852 71.099
88.609 82.356 51.136
42.51 89.208 99.553
51.141 14.54 44.15
86.873 29.509 34.248
2.66 21.089 27.895
22.841 23.263 71.496
23.02 66.052 89.743
75.002 25.163 81.962
86.627 84.498 73.183
12.956 10.204 33.49
58.522 98.894 99.711
84.58 26.879 87.208
92.25 65.544 46.926
54.268 59.904 9.824
40.362 78.904 47.684
93.685 76.752 24.123
7.817 64.702 60.933
72.389 13.408 49.346
81.656 93.824 46.765
76.444 31.764 96.251
6.977 5.95 9.412
28.32 39.116 57.908
54.635 88.275 50.548
39.352 82.993 51.797
0.68 58.876 84.051
39.108 67.517 31.06
98.405 41.342 38.124
86.437 37.107 34.307
10.251 63.052 35.52
51.384 50.321 59.656
47.817 7.632 22.978
17.417 81.894 93.409
5.743 14.012 75.261
97.416 51.44 16.709
41.654 11.646 34.928
65.611 27.578 8.489
77.542 60.929 26.937
87.656 26.297 54.897
64.395 86.353 33.795
37.503 57.449 92.312
67.758 41.161 52.673
19.664 56.015 69.832
95.63 86.589 99.991
38.564 87.021 78.397
8.235 70.557 67.766
24.404 92.747 36.644
97.744 0.093 72.187
79.516 30.427 38.626
67.009 53.628 40.231
26.709 56.482 6.482
21.796 55.869 3.648
14.985 96.032 5.096
45.374 61.137 74.521
89.649 33.17 44.512
74.49 41.59 91.118
14.496 32.269 62.63
80.988 42.564 30.675
51.249 72.743 46.205
72.766 79.163 9.444
95.696 23.279 29.879
49.178 26.417 55.637
47.02 35.223 40.259
15.617 61.779 49.457
47.905 7.981 94.504
69.233 82.158 33.703
91.268 83.911 67.865
22.066 73.485 52.974
16.352 75.435 99.584
52.547 30.729 66.493
50.685 60.957 35.142
43.14 90.515 48.6
48.96 38.951 32.398
83.284 99.21 20.502
45.817 43.463 17.129
22.717 45.072 7.769
25.008 27.031 22.885
87.568 16.313 10.707
47.434 57.241 88.631
44.792 77.529 82.278
22.361 29.439 16.2
33.436 70.512 62.58
5.696 79.292 88.813
46.898 31.192 66.906
29.444 43.997 93.495
87.509 53.492 34.317
88.887 16.452 7.44
1.196 14.986 27.149
80.648 29.761 22.361
97.233 13.057 9.794
2.818 7.389 48.922
9.698 21.182 59.051
22.913 93.897 26.194
54.753 25.532 65.527
41.625 73.986 81.548
76.663 14.938 66.115
99.856 62.157 88.046
50.045 51.141 58.49
8.49 76.727 47.909
80.838 30.645 3.105
65.926 99.144 0.062
42.848 26.521 2.758
70.642 72.8 62.695
26.116 12.499 63.39
4.004 14.708 85.368
17.507 33.249 76.064
48.232 23.554 18.313
91.506 73.221 76.262
65.259 34.995 71.483
77.545 84.379 11.493
28.149 75.147 72.548
1.958 42.747 93.51
42.475 88.147 68.384
11.276 55.416 80.086
36.224 82.829 0.44
57.712 56.315 48.655
67.067 80.16 77.128
14.45 36.092 54.018
10.69 66.122 89.079
38.494 39.912 7.219
72.455 71.422 27.645
3.225 82.159 66.267
11.237 55.072 62.7
9.778 42.555 51.309
27.506 41.448 6.256
93.726 32.627 10.165
2.861 91.478 7.945
63.01 45.352 45.298
71.91 16.818 82.264
17.619 3.59 23.324
79.362 48.007 46.436
35.631 93.054 34.236
63.92 2.989 54.834
30.05 0.713 77.114
75.814 86.037 12.13
52.178 55.412 42.334
5.862 47.334 42.591
38.993 26.95 89.628
16.963 38.602 70.533
36.713 44.044 66.106
16.75 45.237 60.484
10.503 68.486 9.844
20.827 12.207 18.32
61.391 84.395 56.17
39.101 71.319 52.686
46.177 98.588 55.348
81.11 20.041 48.183
70.605 83.664 63.739
51.054 62.621 84.963
50.896 87.579 37.744
86.182 19.508 60.784
73.03 70.743 90.755
96.808 29.33 68.343
86.607 18.734 36.463
11.416 8.318 56.148
85.943 90.39 34.438
19.726 74.715 92.515
57.084 61.602 29.722
27.901 71.379 88.603
32.226 45.08 22.203
95.626 45.524 30.814
81.144 58.307 10.181
17.55 77.505 93.561
66.009 81.514 55.792
71.48 19.959 25.022
2.141 66.997 42.627
63.294 6.003 22.141
14.418 14.081 15.027
75.169 3.101 20.992
24.866 48.835 25.818